
  Values loaded for special Adamscase :  6.1
    sig(1)    :  0.101010   sig(2)    :  9.090909
    scatrat(1):  0.90       scatrat(2):  0.90
    lam(1)    :  9.90       lam(2)    :  1.10
    s         :  0.10       lamc      :  0.99

