
  Values loaded for special Adamscase :  9.1
    sig(1)    :  0.019802   sig(2)    :  1.980198
    scatrat(1):  0.90       scatrat(2):  0.90
    lam(1)    :  5.05       lam(2)    :  5.05
    s         :  0.10       lamc      :  2.52

