
  Values loaded for special Adamscase :  0.0
    sig(1)    :  0.587420   sig(2)    :  0.342940
    scatrat(1):  0.68       scatrat(2):  0.98
    lam(1)    :  0.60       lam(2)    :  2.40
    s         :  3.00       lamc      :  0.48

