
  Values loaded for special Adamscase :  0.0
    sig(1)    :  0.800000   sig(2)    :  0.900000
    scatrat(1):  0.50       scatrat(2):  0.50
    lam(1)    :  0.20       lam(2)    :  0.01
    s         :  1.00       lamc      :  0.01

