
  Values loaded for special Adamscase :  0.0
    sig(1)    :  0.400000   sig(2)    :  1.000000
    scatrat(1):  0.95       scatrat(2):  0.30
    lam(1)    :  1.20       lam(2)    :  0.60
    s         :  1.00       lamc      :  0.40

