
  Values loaded for special Adamscase :  3.1
    sig(1)    :  0.101010   sig(2)    :  9.090909
    scatrat(1):  0.90       scatrat(2):  0.90
    lam(1)    :  0.99       lam(2)    :  0.11
    s         :  0.10       lamc      :  0.10

