
  Values loaded for special Adamscase :  0.0
    sig(1)    :  0.796900   sig(2)    :  0.500000
    scatrat(1):  0.20       scatrat(2):  0.10
    lam(1)    :  2.00       lam(2)    :  0.50
    s         :  1.00       lamc      :  0.40

