
  Values loaded for special Adamscase :  0.0
    sig(1)    : 10.500000   sig(2)    :  0.200000
    scatrat(1):  0.80       scatrat(2):  0.55
    lam(1)    :  0.60       lam(2)    :  2.40
    s         :  0.50       lamc      :  0.48

