
  Values loaded for special Adamscase :  0.0
    sig(1)    :  0.796900   sig(2)    :  0.381490
    scatrat(1):  0.54       scatrat(2):  1.00
    lam(1)    :  0.50       lam(2)    :  2.00
    s         :  2.00       lamc      :  0.40

