
  Values loaded for special Adamscase :  0.0
    sig(1)    :  1.000000   sig(2)    :  0.900000
    scatrat(1):  0.60       scatrat(2):  0.40
    lam(1)    :  0.60       lam(2)    :  2.40
    s         :  3.00       lamc      :  0.48

