
  Values loaded for special Adamscase :  1.1
    sig(1)    :  0.101010   sig(2)    :  9.090909
    scatrat(1):  0.00       scatrat(2):  1.00
    lam(1)    :  0.99       lam(2)    :  0.11
    s         :  0.10       lamc      :  0.10

