
  Values loaded for special Adamscase :  0.0
    sig(1)    :  1.890000   sig(2)    :  1.900000
    scatrat(1):  0.99       scatrat(2):  0.99
    lam(1)    :  0.80       lam(2)    :  0.01
    s         :  1.00       lamc      :  0.01

