
  Values loaded for special Adamscase :  0.0
    sig(1)    :  0.796900   sig(2)    :  0.381500
    scatrat(1):  0.91       scatrat(2):  0.91
    lam(1)    :  0.50       lam(2)    :  2.00
    s         :  1.00       lamc      :  0.40

